21
0 1207 371 331 76 33 55 82 241 311 860 686 76 74 196 366 564 159 136 60 42 
0 0 1998 146 86 35 46 77 131 580 1185 443 77 62 156 292 557 268 103 68 46 
0 0 0 224 119 51 60 87 210 703 473 109 51 38 69 108 163 321 129 93 51 
0 0 0 0 437 79 115 335 924 264 153 709 80 60 130 283 140 162 322 215 93 
0 0 0 0 0 214 256 887 233 112 62 210 190 120 263 102 57 71 128 292 265 
0 0 0 0 0 0 619 151 47 51 29 39 393 183 70 23 28 32 37 70 172 
0 0 0 0 0 0 0 340 115 78 55 92 1715 527 147 67 47 64 95 156 451 
0 0 0 0 0 0 0 0 330 135 81 258 172 142 539 141 76 105 184 595 398 
0 0 0 0 0 0 0 0 0 354 245 1307 83 72 163 521 198 199 631 285 106 
0 0 0 0 0 0 0 0 0 0 2291 217 55 52 107 161 381 630 277 118 74 
0 0 0 0 0 0 0 0 0 0 0 529 87 84 166 404 823 455 211 93 58 
0 0 0 0 0 0 0 0 0 0 0 0 162 156 559 970 466 125 397 253 104 
0 0 0 0 0 0 0 0 0 0 0 0 0 991 308 110 76 60 70 120 359 
0 0 0 0 0 0 0 0 0 0 0 0 0 0 413 132 81 64 71 164 554 
0 0 0 0 0 0 0 0 0 0 0 0 0 0 0 604 238 117 197 838 417 
0 0 0 0 0 0 0 0 0 0 0 0 0 0 0 0 742 197 941 290 104 
0 0 0 0 0 0 0 0 0 0 0 0 0 0 0 0 0 709 417 98 65 
0 0 0 0 0 0 0 0 0 0 0 0 0 0 0 0 0 0 352 152 84 
0 0 0 0 0 0 0 0 0 0 0 0 0 0 0 0 0 0 0 336 124 
0 0 0 0 0 0 0 0 0 0 0 0 0 0 0 0 0 0 0 0 416 
0 0 0 0 0 0 0 0 0 0 0 0 0 0 0 0 0 0 0 0 0 
