21
0 1082 329 299 66 27 47 64 214 264 758 625 57 50 155 285 488 135 117 41 31 
0 0 1927 121 76 26 38 59 109 543 1056 356 56 42 110 238 501 243 82 54 30 
0 0 0 198 100 41 52 75 185 655 446 90 43 27 50 89 148 287 111 70 37 
0 0 0 0 379 54 93 283 874 230 137 679 65 49 109 262 118 142 299 199 78 
0 0 0 0 0 190 213 836 194 89 57 193 168 108 250 90 40 57 109 271 238 
0 0 0 0 0 0 575 130 39 40 22 32 375 168 66 19 18 24 29 65 161 
0 0 0 0 0 0 0 302 88 69 47 76 1665 496 132 57 36 49 77 135 428 
0 0 0 0 0 0 0 0 271 116 71 222 158 132 517 128 58 85 142 526 363 
0 0 0 0 0 0 0 0 0 302 201 1205 69 55 134 473 170 168 580 249 80 
0 0 0 0 0 0 0 0 0 0 2186 186 51 40 84 138 349 556 239 94 56 
0 0 0 0 0 0 0 0 0 0 0 432 67 56 127 326 718 419 185 76 47 
0 0 0 0 0 0 0 0 0 0 0 0 127 104 454 842 390 105 369 226 82 
0 0 0 0 0 0 0 0 0 0 0 0 0 925 266 85 61 51 58 102 332 
0 0 0 0 0 0 0 0 0 0 0 0 0 0 376 100 57 48 56 141 516 
0 0 0 0 0 0 0 0 0 0 0 0 0 0 0 509 189 93 164 795 375 
0 0 0 0 0 0 0 0 0 0 0 0 0 0 0 0 644 161 897 256 86 
0 0 0 0 0 0 0 0 0 0 0 0 0 0 0 0 0 654 382 76 54 
0 0 0 0 0 0 0 0 0 0 0 0 0 0 0 0 0 0 289 126 70 
0 0 0 0 0 0 0 0 0 0 0 0 0 0 0 0 0 0 0 279 95 
0 0 0 0 0 0 0 0 0 0 0 0 0 0 0 0 0 0 0 0 345 
0 0 0 0 0 0 0 0 0 0 0 0 0 0 0 0 0 0 0 0 0 
