0 1 0.53512
0 2 0.58967
0 3 0.51505
0 4 0.39394
0 5 0.40741
0 6 0.48936
0 7 0.42188
0 8 0.38785
0 9 0.50000
0 10 0.43931
0 11 0.59360
0 12 0.42105
0 13 0.34000
0 14 0.40645
0 15 0.54737
0 16 0.55943
0 17 0.36296
0 18 0.41026
0 19 0.46341
0 20 0.38710
1 2 0.91541
1 3 0.33884
1 4 0.30263
1 5 0.38462
1 6 0.52632
1 7 0.44068
1 8 0.35780
1 9 0.56538
1 10 0.52652
1 11 0.48596
1 12 0.42857
1 13 0.35714
1 14 0.34545
1 15 0.53782
1 16 0.54291
1 17 0.38683
1 18 0.39024
1 19 0.44444
1 20 0.40000
2 3 0.40909
2 4 0.33000
2 5 0.48780
2 6 0.42308
2 7 0.34667
2 8 0.41081
2 9 0.52824
2 10 0.64798
2 11 0.47778
2 12 0.46512
2 13 0.51852
2 14 0.40000
2 15 0.49438
2 16 0.60811
2 17 0.50174
2 18 0.38739
2 19 0.34286
2 20 0.40541
3 4 0.50396
3 5 0.48148
3 6 0.33333
3 7 0.43816
3 8 0.57666
3 9 0.45652
3 10 0.51095
3 11 0.59352
3 12 0.44615
3 13 0.42857
3 14 0.55963
3 15 0.53817
3 16 0.57627
3 17 0.47183
3 18 0.41137
3 19 0.36683
3 20 0.32051
4 5 0.47895
4 6 0.38028
4 7 0.49522
4 8 0.24227
4 9 0.37079
4 10 0.49123
4 11 0.54922
4 12 0.57738
4 13 0.56481
4 14 0.53600
4 15 0.31111
4 16 0.47500
4 17 0.38596
4 18 0.31193
4 19 0.47601
4 20 0.42017
5 6 0.47652
5 7 0.32308
5 8 0.56410
5 9 0.37500
5 10 0.50000
5 11 0.53125
5 12 0.59733
5 13 0.47024
5 14 0.45455
5 15 0.00000
5 16 0.61111
5 17 0.00000
5 18 0.41379
5 19 0.46154
5 20 0.49068
6 7 0.32781
6 8 0.39773
6 9 0.43478
6 10 0.34043
6 11 0.42105
6 12 0.96697
6 13 0.56048
6 14 0.40152
6 15 0.35088
6 16 0.41667
6 17 0.34694
6 18 0.37662
6 19 0.31111
6 20 0.51869
7 8 0.34686
7 9 0.37069
7 10 0.38028
7 11 0.49099
7 12 0.36709
7 13 0.40909
7 14 0.56480
7 15 0.36719
7 16 0.43103
7 17 0.42353
7 18 0.33803
7 19 0.43346
7 20 0.36915
8 9 0.34106
8 10 0.44279
8 11 0.88133
8 12 0.53623
8 13 0.49091
8 14 0.41791
8 15 0.56025
8 16 0.50588
8 17 0.36310
8 18 0.47241
8 19 0.23695
8 20 0.35000
9 10 0.92452
9 11 0.48925
9 12 0.43137
9 13 0.40000
9 14 0.39286
9 15 0.59420
9 16 0.65903
9 17 0.46763
9 18 0.47280
9 19 0.39362
9 20 0.41071
10 11 0.36343
10 12 0.37313
10 13 0.41071
10 14 0.30709
10 15 0.44172
10 16 0.44708
10 17 0.55609
10 18 0.38919
10 19 0.36842
10 20 0.36170
11 12 0.43307
11 13 0.27885
11 14 0.42952
11 15 0.34798
11 16 0.44103
11 17 0.42857
11 18 0.50136
11 19 0.39823
11 20 0.39024
12 13 0.40432
12 14 0.27068
12 15 0.34118
12 16 0.31148
12 17 0.56863
12 18 0.53448
12 19 0.44118
12 20 0.43373
13 14 0.25798
13 15 0.30000
13 16 0.36842
13 17 0.41667
13 18 0.48214
13 19 0.36879
13 20 0.55620
14 15 0.29077
14 16 0.33862
14 17 0.41935
14 18 0.35366
14 19 0.70566
14 20 0.58933
15 16 0.34472
15 17 0.37267
15 18 0.68450
15 19 0.46484
15 20 0.41860
16 17 0.58869
16 18 0.62304
16 19 0.52632
16 20 0.38889
17 18 0.33910
17 19 0.32540
17 20 0.45714
18 19 0.32258
18 20 0.45263
19 20 0.38551
